    0 | 
 1010 | 
 1030 | 
 1040 | 
 1050 | 
 1060 | 
 1070 | 
 1080 | 
 1090 | 
 1100 | 
 1110 | 
 1120 | 
 1140 | 
 1150 | 
 1160 | 
 1170 | 
 1180 | 
 1190 | 
 1200 | 
 1210 | 
 1220 | 
 2010 | 
 2020 | 
 2030 | 
 2040 | 
 2050 | 
 2060 | 
 2080 | 
 2090 | 
 3010 | 
 3020 | 
 3030 | 
 3031 | 
 3032 | 
 3033 | 
 3040 | 
 3050 | 
 3060 | 
 3070 | 
 3080 | 
 3090 | 
 3091 | 
 3100 | 
 3110 | 
 3120 | 
 3130 | 
 3150 | 
 3160 | 
 3170 | 
 3180 | 
 4010 | 
 4020 | 
 4030 | 
 4040 | 
 4060 | 
 4070 | 
 4080 | 
 4090 | 
 4100 | 
 5010 | 
 5020 | 
 5030 | 
 5040 | 
 5050 | 
 6010 | 
 6020 | 
 6030 | 
 6040 | 
 6050 | 
 6060 | 
 7010 | 
 7011 | 
 7012 | 
 7020 | 
 7040 | 
 7050 | 
 7060 | 
 7070 | 
 7080 | 
 7090 | 
 7100 | 
 7110 | 
 7120 | 
 7130 | 
 8010 | 
 8011 | 
 8020 | 
 8021 | 
 8030 | 
 8031 | 
 8040 | 
 8041 | 
 8050 | 
 8051 | 
 8060 | 
 8070 | 
 8080 | 
 8101 | 
